1 5 6 78 90
2 85 70 115 30
1 2 50 98 50
1 12 23 34 45
1 23 45 67 89
2 80 50 195 50
2 80 50 180 70
2 10 50 190 60
10 1 2 987 65
10 80 60 920 40
10 50 90 950 10
1 22 77 13 37
1 62 65 88 53
1 67 8 54 60
1 39 34 80 18
1 7 8 88 74
1 92 32 59 8
1 68 75 34 49
1 63 42 7 58
1 85 42 20 47
1 43 41 80 68
2 66 36 156 58
2 75 94 191 52
2 89 70 118 25
2 67 8 165 10
2 187 26 26 69
2 30 74 175 34
2 78 50 163 39
2 70 21 171 76
2 12 66 151 77
2 67 50 158 49
3 263 81 8 34
3 216 75 37 9
3 7 62 206 40
3 219 84 28 49
3 26 25 237 72
3 87 42 263 94
3 65 19 208 44
3 258 29 38 18
3 82 60 207 33
3 223 9 25 62
4 385 93 71 62
4 355 91 78 46
4 343 21 32 11
4 14 44 343 25
4 21 6 376 9
4 26 95 384 70
4 330 49 17 31
4 68 18 390 54
4 307 46 83 56
4 25 30 346 77
5 59 32 439 91
5 475 49 92 73
5 413 10 15 22
5 73 32 439 47
5 48 48 419 42
5 422 79 75 18
5 57 14 453 23
5 419 83 80 53
5 477 15 39 51
5 463 40 18 10
6 583 90 6 16
6 510 29 35 80
6 519 62 26 92
6 18 60 553 74
6 566 45 17 31
6 8 6 542 81
6 55 45 556 13
6 81 63 519 37
6 89 50 538 28
6 530 36 51 15
7 662 16 88 78
7 54 44 610 46
7 679 43 36 47
7 636 33 7 36
7 639 75 14 14
7 642 50 68 65
7 669 46 14 70
7 24 23 645 44
7 21 31 623 74
7 684 91 75 93
8 743 60 73 25
8 37 13 792 62
8 74 61 773 63
8 48 26 738 67
8 778 7 12 93
8 80 21 722 38
8 777 56 27 83
8 67 5 727 72
8 92 86 733 35
8 92 66 733 57
9 887 33 11 14
9 70 31 844 43
9 826 94 94 64
9 882 70 78 53
9 37 59 832 77
9 892 55 86 49
9 874 10 72 16
9 39 15 822 83
9 35 53 860 55
9 861 21 84 67
10 60 81 973 57
10 940 36 53 76
10 972 61 79 7
10 938 31 27 41
10 939 44 79 37
10 974 50 67 58
10 978 54 31 41
10 920 77 6 74
10 14 69 952 78
10 969 91 50 72
10000000 15 56 999999991 57
10000000 999999969 51 43 100
10000000 82 48 999999948 26
10000000 81 76 999999992 94
10000000 999999976 66 52 95
10000000 57 79 999999985 67
10000000 67 0 999999986 49
10000000 43 79 999999974 93
10000000 999999995 31 81 83
10000000 52 92 999999980 19
10000000 22 98 999999909 99
10000000 999999933 90 52 87
10000000 999999959 33 62 21
10000000 999999934 65 12 95
10000000 999999945 8 84 56
10000000 64 90 999999920 88
10000000 999999981 88 35 77
10000000 999999967 26 30 42
10000000 9 89 999999966 84
10000000 65 71 999999994 6
10000000 83 94 999999991 71
10000000 999999978 94 29 50
10000000 61 33 999999978 42
10000000 78 90 999999931 84
10000000 999999940 55 97 31
10000000 865898780 93 744197921 74
10000000 115844958 67 555381120 17
10000000 654393639 96 48585551 30
10000000 269584808 13 782121829 50
10000000 187260323 5 19531507 76
10000000 742035063 90 800274467 92
10000000 540544815 78 79885488 22
10000000 985424529 63 314829657 48
10000000 486482830 36 875239959 70
10000000 771875157 91 416354233 42
10000000 402987410 5 761764301 0
10000000 709952374 36 67137325 51
10000000 961388601 49 910290618 85
10000000 48537448 32 996020716 10
10000000 240529404 68 216300607 67
10000000 618484899 15 159476655 11
10000000 982320181 16 144026395 35
10000000 859790449 42 108985980 34
10000000 147032607 75 558788900 75
10000000 937874577 89 219014771 81
10000000 298486970 52 891104368 25
10000000 121272791 34 238854795 78
10000000 657045012 19 359117807 26
10000000 840752981 11 929355465 60
10000000 27838440 5 194406116 68
2150902 4738303 94 191839467 34
5459554 218948638 4 218948649 7
2181131 39450948 14 39451186 38
4116971 164035942 43 164036065 100
1756383 150865383 57 150865267 71
4887648 271975825 47 271975749 66
6870329 252074416 73 252074608 5
7005978 628085940 45 628085734 41
8826980 549561919 40 549561993 41
7580188 319209961 58 319209746 94
9713472 965703217 6 965703267 62
4116551 128927946 82 128928147 51
5711842 185499103 18 185499032 87
1891833 10507898 52 10507793 79
9155470 112027091 13 112026826 33
1221584 4582182 22 4582265 55
8165028 726028628 25 726028476 63
7137778 15244846 69 581979724 61
6833545 319368101 95 319368268 98
1282007 9222974 74 116192254 5
107406 72238 89 72188 82
5077696 462528399 69 462528582 73
8818572 4033852 77 872866880 74
5065226 461368864 56 461368775 17
4240347 30408554 94 30408584 72
7061005 312083184 96 75897485 2
80849 4167059 34 7691600 47
5646237 469717714 61 87072545 18
304745 15054633 47 15054716 75
4327200 363648494 53 363648688 35
8150283 356618791 62 356618651 91
1081154 5481226 19 5481129 93
4248400 157231961 99 157231812 51
1495901 11059306 70 139382627 68
789123 70427294 70 70427286 53
4451581 179700822 61 179700690 6
6538378 425988985 57 425988937 87
6594844 324105977 61 324105913 19
2803876 206559853 95 206559668 36
5655430 290982801 96 377267893 84
946896 28790197 12 60233429 65
4133067 297454416 32 235237224 52
8938575 513042352 34 513042435 61
8243101 202721263 47 202721376 60
2955465 224296094 74 224295988 57
975812 79839667 88 79839417 82
5290980 456780342 15 53785516 17
1476888 47447672 22 47447687 14
8439232 33641054 41 33641200 99
3695469 262417695 28 262417635 87
4514328 95127315 42 114526044 17
2403834 43289244 9 43289211 92
5318723 26147334 67 26147206 46
2332627 9842092 81 165894388 30
4590814 105612565 41 105612514 45
6797517 442695186 73 442695179 92
9469742 914728450 38 15868728 80
904958 28782722 30 28782727 55
4201229 338302267 33 338302060 16
6265926 465976283 69 465976246 69
5169540 394701319 9 283794374 18
8121382 712284646 37 712284820 19
7377248 658287176 18 559418934 37
9014061 169689982 16 169689948 95
509471 10706786 54 42088735 47
7750878 541973712 60 541973799 4
705754 37359575 17 37359567 65
9533227 402337360 89 402337131 79
9434788 526298820 14 526299099 5
5809224 517537184 80 517537398 7
6961469 635722637 96 334785943 56
8707315 860744107 43 860744086 14
9110608 9086896 90 581164215 74
3510041 275367422 50 10453991 29
5630615 386971084 31 386971300 86
6200028 45297598 84 591755692 24
6691737 125729473 62 125729434 16
6310269 384866903 83 476279909 23
8422844 427128519 19 427128367 13
7791874 56385281 90 736593794 29
89333 4488954 20 4488884 22
1276041 107608822 48 107608774 2
7171015 587459205 66 587459192 24
4159346 5069559 15 332006172 82
1504681 50162482 61 50162405 66
349833 8739959 35 8739792 53
9423186 841523598 68 841523781 57
9291566 336751389 50 336751489 49
4671303 146932819 33 146932672 35
6048593 293059018 33 293059232 32
4683098 176137419 16 164839232 28
9719820 969072469 54 969072391 30
9293150 688881891 25 32358810 80
965117 71556095 51 71556048 53
9915436 404697186 68 404697269 9
2339208 149678725 84 149678592 50
3776551 224547690 18 224547844 62
1486193 60879626 90 60879459 2
6251744 346197379 7 132374306 100
2220792 103137614 55 103137681 75
8459659 638018590 27 434064649 84
9703089 338134792 0 338134991 15
8087143 563355434 4 563355381 21
6886103 228153198 84 228153353 51
1639679 158080923 71 158080802 58
8194936 761663850 93 761663768 43
1577531 92646986 95 92646905 54
2906177 82659165 49 82659066 46
6035301 512216443 6 512216458 5
2477748 27210760 5 27210974 64
1543262 14046573 82 121362138 50
7895859 255521970 61 255521902 54
2506487 151406508 77 151406800 99
6560162 481351373 74 481351314 4
1693210 7227143 47 7227396 70
9776548 748615162 81 748615110 69
8389950 245188220 41 245188246 27
9891601 604033851 40 604033865 53
4358291 206903504 91 206903708 98
6661385 62842773 100 62842579 10
4484480 268900916 36 338772470 92
3940165 19762112 35 19762292 61
3421022 216499070 40 216499043 37
591436 49106895 4 10944403 40
9344932 882253890 75 882253889 84
3093238 246089829 14 246089775 16
4472763 140477900 7 305147846 58
3687126 106247301 62 106247304 21
153988 920397 10 920267 22
3513780 136272531 62 257389264 47
1232774 62277676 23 62277724 87
7952765 552941902 62 552942102 13
9767657 327648143 9 327648382 53
9455891 141691177 60 896790521 34
9453074 937182233 32 31698739 1
7676868 5482645 29 753668665 56
5630300 93299949 55 93300006 82
137426 8033196 69 8033394 6
251011 21601643 39 21601475 100
3499120 27795742 15 27795785 82
4937356 430495029 3 144627782 89
8458657 774173138 37 774172948 53
3338497 191328377 5 94185079 30
6621629 478357879 19 302072392 38
5155013 38876921 86 456554918 3
9292835 187095065 62 187095240 77
9194792 145006854 1 145007039 96
1928820 55506977 95 55507082 95
6253476 431321706 13 431321676 65
2176434 25919606 8 25919827 0
352990 17780107 1 17780104 68
314380 13959871 27 13959860 25
9759495 100280029 23 100279826 50
9316905 86131342 41 26828852 15
8482796 296167597 23 296167527 28
1640490 92940540 92 92940518 8
3874509 247271095 36 247271044 7
7424294 48192029 85 48191923 15
906732 30000911 100 30000995 28
8845092 163409092 4 580557392 32
5870764 320821658 97 320821884 78
1499534 119340862 43 68066222 77
4021796 127427798 55 127427735 68
6216717 580491546 45 197683940 50
6212423 106331838 21 106331738 72
2800647 1044480 19 271533117 20
3949843 358992682 40 358992821 35
5196591 377218554 19 377218570 45
2614015 224230408 87 224230223 61
786412 53241083 45 53241194 46
8449059 629900843 83 629900615 23
4544706 338023507 31 338023438 41
6035449 5725929 37 5725989 72
1629823 29540528 47 29540464 34
3826499 377944439 73 377944465 65
7371207 62208765 45 215620425 55
3442970 87345897 18 87345717 98
2744656 169497023 6 17293200 46
3546886 252335756 82 252335783 25
2768298 15185727 40 15185761 70
6153428 107200944 17 576257362 8
9515594 150321377 40 150321600 73
5670642 330881333 8 270910384 82
3023713 128435228 40 128435433 32
6978661 40768137 20 40768181 37
7238374 137184027 35 651381145 98
9664216 541340477 32 541340286 22
5900829 475635450 45 475635466 95
6641039 662504861 89 536634131 4
1325267 119533104 66 119533164 60
5490525 11094972 90 11095063 50
9272202 608928775 75 886420847 6
5920779 326563288 82 127338484 69
7413220 698721824 20 698721617 56
6108089 7027422 72 7027262 61
996471 93049820 65 24427626 51
5281712 151396417 21 151396642 16
3930125 35605058 65 231928170 39
9932790 10802036 86 10802119 87
1997542 37520391 83 117215465 94
7539808 395175726 6 90023910 92
9030231 606970856 50 376605123 60
9850823 487764375 57 487764462 49
2911247 25400023 99 25399803 71
9228909 170526757 40 170526856 42
902511 39240852 59 10069342 64
6731909 581702394 61 67005364 19
5871187 181295978 24 181296028 100
2613185 190255389 13 190255354 6
6283609 408624135 50 408624301 49
5061303 242948982 74 242948749 40
1683109 150540357 19 112850558 13
8994915 572158040 63 572158286 71
9434908 923083562 88 380705850 68
2786422 21654568 25 21654676 31
1032445 37912853 3 37913044 46
3508260 161304028 40 161303850 89
140654 10635677 100 1456199 78
1105315 20078849 26 20079090 37
66370 2351411 52 2351619 14
2420137 54833441 69 238127381 89
3499079 61528120 21 61528068 20
7415925 665841255 17 665841342 77
9976864 379677902 45 379677899 22
8337453 422071683 11 393328717 68
3507112 146189290 17 146189035 94
6436304 227097367 59 202074025 92
84866 942305 34 942166 24
1848020 109624213 57 179219691 73
4708143 321876155 47 321876282 44
7318211 121488570 26 121488325 8
4025875 329042630 85 329042650 58
9525321 74361006 22 74361067 0
4672206 157017030 88 268412098 84
5735053 438859364 58 438859316 88
9810262 208952044 15 208952031 81
2495435 10382446 16 10382419 36
449052 28150696 75 24630455 11
2159454 43648530 66 215666448 61
7346164 726465208 26 726465275 78
1750821 144629445 13 144629425 14
60265 6330 11 5978139 62
9403341 48621250 80 48621405 85
8025102 554086934 41 370468899 61
4511105 248054495 90 248054356 58
5385110 447230187 71 100118976 50
5139906 301662308 18 301662363 14
5189434 381780517 13 381780364 17
7478516 638308572 41 26241269 47
9021682 775052198 34 775052279 8
200921 14829292 64 14829488 2
1879791 133685687 41 133685677 79
1535317 120953943 75 9854786 5
931913 31992905 15 31992971 67
2716235 148010329 27 148010411 64
4476511 222174736 73 222174631 8
365093 32474936 60 444954 55
3603516 148806681 96 148806654 53
8583901 613267522 28 613267429 7
7490271 579596627 28 579596832 19
1798480 24755193 100 168351278 0
4404163 319227926 16 319227788 81
6418174 584399703 16 135357229 63
4966688 101705866 42 270236212 31
9645936 726796022 63 726796045 90
9288617 253384780 51 213412218 54
4906999 56920081 12 417671525 76
9989585 128371165 98 571926713 41
410820 39335998 47 39335958 33
4766268 23396210 52 23396390 48
9776307 825378099 98 825377971 50
8546160 140999348 7 140999352 76
665564 13236437 78 4450405 44
1228449 19035174 39 19035145 39
5999100 441435098 21 441434880 45
5491659 182614731 81 182614898 89
5134347 403619291 38 403619475 0
3862136 167229730 20 167229610 33
2310770 161931270 79 161931109 40
2656335 130359357 27 130359351 14
4859940 25127410 8 307401909 29
9330273 922945076 21 906546258 55
3224746 254365131 39 254365127 66
5167708 24397844 34 24397636 6
7403805 555139426 9 555139440 57
1918016 40826786 14 40826624 3
432676 39334703 71 1132829 60
3757613 241872108 2 241872017 41
8681466 469277824 50 469278001 69
4344295 368173267 67 29249568 59
3018969 291192050 17 55144579 26
8676786 665883540 18 665883528 40
6852289 54991100 8 476590088 4
9159070 636634 75 913816905 27
6380177 159983666 2 159983472 34
3856928 275935126 61 275935121 6
4743499 360783219 12 360783205 90
2939690 277923072 59 277923184 13
3757096 207045416 43 207045464 60
7259289 324024456 33 324024351 45
6328832 288990723 87 288990776 80
432308 42537963 7 11801897 58
3929520 15550365 11 162830842 86
9888710 522784816 73 522785021 55
4082367 12626649 3 327150564 32
4358103 431580272 10 431580241 80
3672703 156016094 10 156016221 58
7597209 675468184 13 117970272 62
570882 32603802 35 32603804 34
9019667 94956002 58 661005243 30
970844 16052556 65 16052525 50
3891947 1966450 5 1966422 40
9032814 870947604 54 870947728 32
3168516 167117477 91 167117448 52
4561211 153445372 3 436140810 60
2717945 220071069 65 152805199 64
4482834 20843736 44 424597590 58
4804251 445521945 69 445521869 91
4441472 327003284 9 327003233 90
4428706 92707362 2 92707120 61
2551213 39767149 7 39767122 8
9214158 834380307 34 792464506 67
5968589 326378943 40 419100248 83
1386089 89629392 56 89629471 44
7312047 295009123 19 295009306 42
1128726 24031173 22 24030918 97
8007099 596694245 78 596694167 80
3410990 167753421 95 167753617 82
8206726 63082090 99 63081804 68
6176089 427950219 27 427950350 56
7149476 512457261 43 512457010 75
2336223 38451811 1 112342408 3
3258828 146421091 69 315140265 34
9341564 59708690 50 236517159 30
2254968 23638380 90 23638348 81
5788223 490577088 79 490577056 40
8936024 85884593 100 85884750 88
1633250 1206694 15 86389472 2
5842488 239512551 94 239512605 18
2788209 265656474 76 142469732 94
6556466 607213241 21 484352958 50
8444491 437042777 75 437042778 50
8206998 706557880 94 706557837 20
6513221 563551415 32 563551201 15
7851097 34833759 30 34833700 30
1341048 23916412 93 23916404 74
4232088 380519544 14 257590806 49
2671477 237937045 77 165964350 65
5468995 482752980 96 482752906 1
1668104 58965600 84 77236606 94
9921775 374920958 49 374921115 82
2107675 180740246 90 180740257 12
4610127 275559247 32 275559297 27
9365165 809486478 0 809486529 90
2134806 170106054 79 26248656 14
8847746 349323091 65 349322840 25
4060823 358120832 0 212570662 98
7176040 90972166 35 166831112 28
6795758 558984914 85 558984856 66
2705643 145686134 46 145686290 41
9510725 899229403 28 899229332 61
5737230 539180422 89 539180425 33
1225828 87333188 47 9938396 98
76477 1124173 42 5568487 52
6753421 674714898 45 674715078 9
3741936 369657044 98 191736 91
9977667 898363121 79 898363196 28
4930263 366292879 0 32027608 50
7954875 69215512 52 483405700 82
3606265 122894171 99 122893904 38
4212743 269419260 17 269419055 42
4662282 417095639 64 417095673 37
4432191 217179437 33 217179542 19
7414405 726907321 49 122230005 11
5317929 348565966 95 348565939 5
5434883 297226701 44 297226830 79
4040582 186049204 42 186049202 83
2826488 121339385 78 121339126 54
737268 69204463 49 69204469 87
6375312 351720655 6 351720829 42
3408597 75221043 81 75221051 83
8676202 183013481 53 304186686 50
26124 589004 33 589299 10
7530276 656572212 38 400320900 6
4268485 8333316 5 8333486 51
45867 4511012 32 2283320 76
1218421 79091999 89 79091887 73
3696259 329674802 85 43588900 67
895605 2400653 24 70887520 28
9060099 850599985 85 850600132 24
6519677 597713785 37 597713679 32
4462253 183639774 92 183639535 64
9011034 540341913 27 540341935 21
2731392 108009777 28 108009749 33
4384097 208484298 4 243535119 92
5055955 166086951 99 166087145 79
4702174 299126561 79 299126319 100
6538878 414084409 33 414084409 99
7614156 695959005 34 695959243 0
7238273 559197896 46 203823877 92
7257072 282831112 10 525459293 20
9536761 895932215 48 255027806 55
1890542 143892388 61 143892249 22
3692726 184324588 44 184324541 64
6348635 615066123 4 142579064 25
2203620 155997335 71 155997301 0
3600603 53448339 84 53448386 18
2623942 33693997 16 146282509 24
3633840 331486362 22 104544677 8
3421061 255907987 19 255907931 24
9199323 624398208 98 624398096 73
5963838 363684422 84 363684272 60
2116613 93915255 94 93915254 47
9432843 879147685 72 321199823 6
6162082 313074984 92 448567859 73
2621179 209666169 61 125368668 36
2130392 95199936 13 95200085 11
8590827 103482085 38 103482163 91
3422676 88397939 95 88397938 79
209510 10745453 31 2210182 13
6412021 309392502 65 309392663 62
482686 22669330 66 2264201 71
5294282 379237117 56 379237189 22
2408625 214928964 48 214928788 11
1190526 112219546 26 10730904 67
8070501 559997621 30 559997725 67
5011158 489247764 30 7381697 27
9561563 149285997 4 149285979 40
7652406 36366852 92 36366817 69
5363002 388909857 95 388909624 51
6615724 298681501 36 298681727 74
125463 9177557 97 9177551 39
5019412 34341195 42 34341042 27
311932 1925976 59 1926041 91
9959723 19903608 91 19903481 31
6934130 92965234 63 92965404 49
7033284 475652429 66 475652574 55
174401 3909719 99 3909760 90
1301518 27839371 82 27839470 19
2329523 48851524 16 48851317 77
560843 909134 45 908900 18
7653657 82145650 39 681160387 17
6039973 3346737 60 296794723 34
3857694 33198563 7 33198600 0
42097 4041816 91 4041950 94
3732753 37992023 92 37992227 20
5820283 275614215 71 275614229 26
1389497 2664145 21 122543223 79
3099300 262776110 58 6649155 27
4222751 360998450 47 360998274 41
3191186 291201867 94 145392063 44
7506237 560496901 28 560496738 52
3213018 68076390 65 68076578 5
955450 18842734 81 18842775 14
9560924 826865659 55 826865706 18
8439788 733347295 48 733347011 72
8537988 606838954 62 606838808 75
1040358 25043024 2 25043144 30
9367300 705360200 30 428177700 28
2606873 96300103 18 96300169 34
5579753 498129312 32 498129252 45
9202348 527589786 58 527589704 93
5036880 307660049 61 50290637 86
1774141 51512026 15 66949080 1
1189124 97537843 27 97537937 36
9366620 51751889 59 51751748 10
5047743 269501592 37 441341553 23
6291644 225123031 63 410792701 37
8279318 581434496 14 581434275 92
3591392 337315527 53 174551807 93
6484750 611996167 18 298637508 65
754210 48793497 64 48793569 92
5049255 280451702 90 393495257 55
7310321 560809927 98 560810134 26
9683347 232311487 79 687677853 36
1104363 60239941 57 60239987 86
8540243 416325031 19 416325220 32
506879 8663328 17 29534909 10
6366790 6648837 77 6648950 34
2513375 126209994 55 126209936 94
9297361 163350484 95 163350487 19
8696787 66733814 7 793281245 82
604018 58598457 4 58598244 36
4420171 75334821 36 75334665 43
2159152 70222249 41 70222343 60
458322 29826802 69 29826681 78
7052383 694945498 3 10200279 65
2088805 74204849 11 74204863 27
6874340 197926240 24 652836601 16
4203539 208169153 57 123787670 66
873040 47857244 99 63995025 10
1858934 66619284 12 66619026 77
2692645 122986198 10 122985926 95
8232330 109756364 56 792539949 46
2924985 273307400 22 273307339 22
3480056 35564288 31 35564358 17
8496811 114134878 81 775723395 54
7895210 165922961 16 165923185 84
589851 22810478 100 22810217 56
6548439 573905086 7 47378244 90
4793311 461618519 76 184130981 92
6600037 62952309 0 62952303 85
2199455 116827607 26 116827855 43
3359074 177311952 10 177312045 14
5595802 342034701 84 342034707 18
3385634 9942185 20 9942158 65
4940995 36802900 19 36803057 6
2674061 105767779 40 105767703 18
3917532 209323600 83 209323373 63
1298425 33025236 3 33025182 30
4085907 396622513 0 9583925 72
4531843 249714010 38 249714029 48
5054761 438885638 68 438885515 38
3501506 170293481 96 337897112 3
7998638 309577637 88 309577660 60
3511819 341967925 66 112065594 100
2311765 93478491 46 10200762 29
1928632 90583708 89 90583905 27
6828576 258495458 84 629072976 95
6226057 434608326 87 434608333 16
6963823 538494641 13 538494500 94
3329918 238807438 39 157042184 99
475110 41867776 35 41867639 23
248254 19673093 19 19673288 72
8239760 727435187 14 73653828 76
1377675 79403421 25 79403554 17
9859305 962257110 4 962257370 58
4829291 9223695 100 9223442 47
6490222 429162834 7 429163085 97
4638191 382269562 40 382269590 54
2861255 84476551 32 84476524 40
2805996 190403072 32 13540777 92
4328533 380149289 35 380149373 23
283766 21574739 65 21574617 18
7837068 11115466 92 727652205 49
6935669 22361583 68 112488554 52
1037945 14691133 41 14690964 3
3662369 311969194 12 311969320 38
8717199 105731010 67 105731163 66
6132701 274920100 58 274920151 78
8364570 73775767 17 73775702 80
9982295 293265061 65 293264818 98
7124253 583370709 45 583370781 94
4214104 399215547 39 399215752 51
6179876 111389979 89 111390152 19
4201158 40716654 73 40716860 77
8899134 271913463 16 850148757 18
2536544 232096742 99 232096808 87
2851481 278558952 38 16171134 28
8049834 329571510 33 329571762 92
765569 34314262 67 7775519 41
6396646 393440614 100 393440641 18
8824136 668716963 19 668717007 24
4341434 5596604 55 248306110 27
6790387 370552331 38 370552555 44
4658647 170498386 47 170498304 36
4333592 386525533 42 386525514 51
9163151 175203947 18 175204163 7
7456045 114417900 59 114418180 30
2516077 91961662 21 91961536 44
1027184 12083635 85 95253886 59
6126754 491087408 28 136312244 7
6434898 208386118 25 485950008 34
7861500 500751259 69 500751410 63
9161049 156313590 73 156313516 53
6413801 122990954 93 122990971 27
9391910 208634412 10 208634482 42
6992034 624224052 82 686822457 38
7392436 200533469 77 722774117 58
1778613 138175035 80 138174818 33
1587516 68559293 84 68559304 0
691147 45228953 56 45229079 2
2049066 101937803 17 113864030 64
5266270 474880836 78 474880717 72
9294870 332813497 18 332813375 30
3566154 324357658 100 89777646 60
7047148 22478290 48 22478334 79
1824509 98102154 32 98102216 66
4226520 293480194 95 293480195 11
7413850 419178053 86 419178264 56
9005653 387582506 62 387582541 97
328230 24910909 91 24910722 88
3877281 263549158 94 263549209 21
7943034 544155823 29 544156005 37
9122949 597757031 1 124811738 60
3304490 164254139 9 164254232 21
3034871 126587587 11 293574600 45
3870429 261062169 79 261062121 58
4735276 184844143 43 60154932 0
4316235 30501280 0 30501307 82
4773773 65419067 96 65418982 14
3405680 184541403 55 184541520 21
868372 80046864 45 15168590 36
9117088 385505631 14 385505657 62
1872137 55598019 34 55597881 53
306042 17157647 64 17157623 7
710217 30541303 33 30541331 3
8377312 294704175 11 294703925 22
6209106 375943146 24 375943259 48
9849882 147889731 29 147889712 30
8768600 604587010 15 604586875 76
9333321 280846099 80 280846239 15
3552632 30496599 25 87778410 55
2582738 240525638 32 240525777 65
6481693 404350913 84 404350946 58
3562268 267318919 80 267318734 41
757276 10698841 13 38568380 16
7891773 384516872 5 384516607 90
7621061 685378496 27 258084035 32
4765976 164789140 28 164789143 40
6972655 688125353 99 688125217 65
6519926 518747249 17 518747250 44
2454721 83697797 87 83697766 29
7935100 1859291 40 649135332 71
405924 39674266 50 850518 21
6824274 409201690 61 409201651 6
9463023 576306228 43 576306249 78
4208204 336454952 17 336454896 28
4132196 78593272 18 78593172 43
3493901 300854265 42 322915268 96
5859519 94394844 99 285556748 9
2152638 175321780 47 175321911 59
4410128 221181358 59 221181385 19
8852094 781380154 30 781380344 90
7393562 659985318 91 659985397 30
3780016 186568346 28 186568572 23
6170561 446114989 85 446114923 49
5832211 275884865 33 22343758 10
9342988 335594295 39 335594027 54
4679754 241395053 50 241395087 64
8148761 403995152 28 403995189 25
8634729 52434972 96 52434769 10
5422763 370177056 11 370176924 4
1435780 103641906 18 117167563 16
8040667 531614901 77 531614732 69
1531784 117534304 29 117534169 85
366022 31300716 42 29102685 49
7556988 53736141 26 53736354 61
4230683 253390783 84 253390780 13
9511861 173150850 9 151131983 75
1049928 94131770 39 426964 98
8286899 86555547 19 608913970 14
9093357 759767863 80 759767884 75
2475573 192320951 56 192321134 77
6657784 206809902 27 206809970 28
7269483 718829410 3 718829499 29
4027433 213950867 20 213950770 10
1032179 71615481 32 71615675 90
5839716 243780698 26 555601000 78
2196119 111106148 0 111106223 2
3663348 337874724 31 61518453 84
6968323 210491321 74 174311000 80
962986 37783718 70 37783550 78
9887707 148445520 65 148445618 63
3066097 240115534 44 240115356 31
3838391 294981400 34 294981430 95
4696834 169382846 100 169382962 52
8615830 260312405 29 260312628 69
2067874 79884997 53 79884954 65
1587371 146991707 50 146991626 69
7251473 66688447 81 697809913 48
8524306 413416140 22 413415953 84
1260066 46795910 32 46796087 53
4294271 349676450 44 349676451 59
915435 69093529 19 69093718 43
9764416 131371986 38 845507247 94
3813684 253672495 42 88271004 74
2287753 187485245 18 187485391 64
4206119 58045753 40 58045718 40
6481291 75645751 78 75645865 70
3546073 323496217 48 323496214 49
7831631 603936110 20 148009096 0
9480514 941763496 63 712714649 25
1028978 18733225 61 18733435 95
8479778 432022319 24 351334401 39
3094862 119608748 37 119608765 18
2864561 188135065 29 188134885 39
8530382 631212489 6 631212526 77
5980093 450959586 50 413935411 20
5914331 386743123 5 386743388 61
5785812 182609279 65 182609095 69
4050807 31405685 8 367164730 32
5611223 22312862 90 35998562 16
6498192 159860036 71 159860188 48
431392 23338882 61 23338943 46
1321052 11102566 40 11102520 17
7927221 692620878 82 692620790 5
242630 198958 59 23662998 54
2950232 10509631 36 10509638 29
3447891 310802636 63 32149196 35
7823712 697784735 40 697784900 39
597487 55679225 32 55679059 64
56562 2315058 14 2315208 54
706676 32017488 89 32017583 64
5761128 287257699 6 137102359 41
8056374 91837079 54 91837169 50
1531990 63487875 55 29393062 81
520629 1167476 68 31106416 30
6946461 433019072 44 648735570 42
9509957 623086123 54 623086128 63
4079490 324391278 33 324391237 65
4925474 465667490 20 61556111 86
840646 23680736 8 23680571 77
2438021 229196881 90 97518025 77
14781 1284806 2 1284909 49
7332910 206271220 0 206271154 4
6591582 112113147 47 112113170 76
8780501 6446495 40 6446462 80
3941885 314440110 55 78851976 75
5774921 309725229 50 309725063 51
1035351 7605954 75 71156120 88
3198566 2498462 52 2498540 96
6251748 321944193 10 321944000 96
608050 34912006 93 34911939 33
1328336 33019517 30 33019640 26
3340478 38455716 39 194679300 75
414007 39160693 80 39160515 4
6949891 59429965 96 59430127 7
4505038 8549359 82 378491474 79
1783834 24321229 99 24321005 30
3005166 287835481 16 117889172 29
8184470 97833487 94 97833580 96
7464691 534760685 2 534760877 61
983298 63850778 36 63850822 64
1144527 63331611 33 63331489 66
9137345 218556040 10 218556018 64
410659 18929007 8 18929096 69
805696 1851358 58 1851372 86
5970948 548535144 8 481121522 22
9681098 733028272 85 408142228 19
5836688 571841913 92 71319279 69
8390440 195481112 38 195481311 79
9016741 184216956 36 668091796 64
9888921 480045138 74 480045034 9
9532178 612598362 74 830751183 98
4401934 204657573 37 204657555 28
9068514 70732951 86 70732916 32
3944938 55134610 33 55134448 13
8156222 427710359 52 427710599 10
603236 34493450 72 13656373 87
2236124 818802 82 24001706 56
8640203 304404823 89 852338385 26
3594550 185752449 42 185752599 90
4602976 458970938 85 458970811 98
8877021 833020812 63 424165715 57
1892675 122011766 91 122011600 48
8739537 146508500 57 146508429 14
4224058 322404102 42 322403977 87
7235389 399113464 72 399113557 8
6870217 224321890 15 224321849 15
539265 49269469 44 49269409 50
2636378 161641833 50 179440086 50
261199 10593768 16 10593609 63
1799801 5391051 81 46580451 55
367391 31222862 94 31222853 16
3171689 268113310 70 149050805 52
7834725 490868238 5 490868383 38
526148 17138737 4 17138962 11
8272067 29326357 100 29326502 53
824329 14500425 43 14500223 31
682597 62121219 39 62121240 63
359968 33729169 48 3443230 94
9228809 14160753 70 14160749 28
6879988 651459380 85 183344127 16
1835055 99091292 38 99091222 45
8839605 402476675 34 402476781 89
1183012 46039931 83 46040178 71
2709025 259282507 59 259282445 16
5108355 44516954 57 44516963 95
9399543 865320183 92 29172340 39
6001236 587918711 96 587918954 31
1584289 141867031 91 141867208 46
721115 10066266 1 10066049 84
38334 435359 13 435227 47
6722509 228503756 77 228503812 65
3056319 55979784 19 55979515 82
6646176 41310623 28 41310536 13
106023 2512201 81 2512356 88
4983448 90756843 47 90756779 48
5692175 138758854 57 138758892 24
8405137 360753759 29 360753510 8
4171313 219014991 69 219014846 66
9593637 689656657 4 689656512 22
8150631 723878430 7 723878347 21
7238057 532647134 44 532647096 97
4952553 256576013 69 256575905 42
2112317 201023069 36 67753676 2
480810 5184861 6 5185026 51
6795115 639672670 25 187702196 99
3230124 110177781 32 110177677 90
1128891 43010824 64 46855442 35
9378244 662377657 5 662377748 65
925835 20591037 45 20591029 93
9370971 24708804 98 812041570 24
5024754 246847789 94 455561120 35
9223102 712771813 84 712772088 46
7569734 378489112 22 565953966 76
954728 27890510 51 27890551 96
8257496 681112876 48 681112669 64
9896073 447473030 62 447473049 33
2719904 116625500 6 75500927 44
4878196 350879929 82 350879998 1
2632469 229878374 17 229878277 41
2064302 130901784 63 130901525 39
3201178 80621542 84 80621664 24
1858467 37451474 72 37451290 34
8445652 106590248 69 106590449 51
5636352 133946933 34 133947077 56
3213111 222390411 98 25541156 90
4312972 250471252 37 250471095 100
5991232 452498585 76 452498496 27
7233012 557101933 96 557101868 68
2214307 187025200 43 187025106 94
982345 37141277 31 37141204 95
2836031 18189324 24 18189282 78
6854217 681790380 7 27369569 30
1810488 129485754 22 129485904 65
5113933 367251503 58 367251743 49
7943238 51169592 83 51169720 55
4349069 164856303 49 164856319 60
1 49 50 51 50
10000000 49 50 999999951 50
1 0 0 0 1
1 0 0 1 0
1 0 0 100 100
2 100 5 100 95
2 100 0 100 100
0 0 0 0 0
